00 00 00 00 00 00 00 00
00 00 00 00 00 00 00 00
00 00 00 00 00 00 00 00
00 00 00 00 00 00 00 00
00 00 00 00 00 00 00 00
00 00 00 00 00 00 00 00
00 00 00 00 00 00 00 00
00 00 00 00 00 00 00 00
00 00 00 00 00 00 00 00
00 00 00 00 00 00 00 00
00 00 00 00 00 00 00 00
00 00 00 00 00 00 00 00
00 00 00 00 00 00 00 00
00 00 00 00 00 00 00 00
00 00 00 00 00 00 00 00
00 00 00 00 00 00 00 00
00 00 00 00 00 00 00 00
7a 19 40 00 00 00 00 00
d3 9f b1 2d 00 00 00 00
28 19 40 00 00 00 00 00 
22 19 40 00 00 00 00 00 
15 19 40 00 00 00 00 00
0e 19 40 00 00 00 00 00
7a 19 40 00 00 00 00 00
91 8d 01 2d 00 00 00 00
28 19 40 00 00 00 00 00
22 19 40 00 00 00 00 00
c4 15 40 00 00 00 00 00 
